UNITS LENGTH=A TIME=0.001

Ag: GROUP ATOMS=1-125:1
Agtop: GROUP ATOMS=101-125:1

O_w: GROUP ATOMS=126,129,132,135,138,141,144,147,150,153,156,159,162,165,168,171,174,177,180,183,186,189,192,195,198,201,204,207,210,213,216,219,222,225,228,231,234,237,240,243,246,249,252,255,258,261,264,267,270,273,276,279,282,285,288,291,294,297,300,303,306,309,312,315,318,321,324,327,330,333,336,339,342,345,348,351,354,357,360,363,366,369,372,375,378,381,384,387,390,393,396,399,402,405,408,411,414,417,420,423,426,429,432,435,438,441,444,447,450,453,456,459,462,465,468,471,474,477,480
H: GROUP ATOMS=127,128,130,131,133,134,136,137,139,140,142,143,145,146,148,149,151,152,154,155,157,158,160,161,163,164,166,167,169,170,172,173,175,176,178,179,181,182,184,185,187,188,190,191,193,194,196,197,199,200,202,203,205,206,208,209,211,212,214,215,217,218,220,221,223,224,226,227,229,230,232,233,235,236,238,239,241,242,244,245,247,248,250,251,253,254,256,257,259,260,262,263,265,266,268,269,271,272,274,275,277,278,280,281,283,284,286,287,289,290,292,293,295,296,298,299,301,302,304,305,307,308,310,311,313,314,316,317,319,320,322,323,325,326,328,329,331,332,334,335,337,338,340,341,343,344,346,347,349,350,352,353,355,356,358,359,361,362,364,365,367,368,370,371,373,374,376,377,379,380,382,383,385,386,388,389,391,392,394,395,397,398,400,401,403,404,406,407,409,410,412,413,415,416,418,419,421,422,424,425,427,428,430,431,433,434,436,437,439,440,442,443,445,446,448,449,451,452,454,455,457,458,460,461,463,464,466,467,469,470,472,473,475,476,478,479,481,482,486

O_all: GROUP ATOMS=126,129,132,135,138,141,144,147,150,153,156,159,162,165,168,171,174,177,180,183,186,189,192,195,198,201,204,207,210,213,216,219,222,225,228,231,234,237,240,243,246,249,252,255,258,261,264,267,270,273,276,279,282,285,288,291,294,297,300,303,306,309,312,315,318,321,324,327,330,333,336,339,342,345,348,351,354,357,360,363,366,369,372,375,378,381,384,387,390,393,396,399,402,405,408,411,414,417,420,423,426,429,432,435,438,441,444,447,450,453,456,459,462,465,468,471,474,477,480,484,485

C: GROUP ATOMS=483
O_cd: GROUP ATOMS=484,485


d1: DISTANCE ATOMS=483,484
d2: DISTANCE ATOMS=483,485
d_max: CUSTOM ARG=d1,d2 FUNC=x*step(x-y)+y*step(y-x) PERIODIC=NO

a1: ZANGLES ATOMS1=483,484 MEAN
a2: ZANGLES ATOMS1=483,485 MEAN


ghosta: FIXEDATOM AT=0,0,9.485
ll: GROUP ATOMS=126-486

a: ANGLE ATOMS=485,483,484
z: ZDISTANCES GROUPA=Agtop GROUPB=C MEAN MIN={BETA=100.0}

d4: ZDISTANCES GROUPA=ghosta GROUPB=C MAX={BETA=0.05}

c1: COORDINATIONNUMBER SPECIESA=Agtop SPECIESB=C NN=6 MM=12 R_0=2.5 MAX={BETA=0.05}
lwall_1: LOWER_WALLS ARG=c1.max AT=0.55 KAPPA=500.0 EXP=2 
c2: COORDINATIONNUMBER SPECIESA=H SPECIESB=O_cd NN=4 MM=8 R_0=1.2 MAX={BETA=0.05}


target: CUSTOM ARG=d_max FUNC=step(x-1.6) PERIODIC=NO
OPES_METAD ...
   LABEL=opes1
   ARG=d_max
   FILE=Kernels1.data
   TEMP=330
   PACE=500
   BARRIER=40
   EXCLUDED_REGION=target
   RESTART=NO
... OPES_METAD 

cmt1: COMMITTOR ARG=d_max BASIN_LL1=2.5 BASIN_UL1=10 STRIDE=1000

PRINT ARG=* FILE=colvar STRIDE=50
PRINT ARG=d_max,opes1.* FILE=COLVAR_f STRIDE=1
FLUSH STRIDE=10

